strike	type	maturity	bid	ask	r 	q	fwd
1405	Call	24	21.7	23	0.232443	1.531465	1410.550903
1410	Call	24	19.1	20	0.232443	1.531465	1410.800171
1415	Call	24	15.9	17.1	0.232443	1.531465	1410.549316
1420	Call	24	13.6	14.6	0.232443	1.531465	1410.698975
1425	Call	24	11	12.2	0.232443	1.531465	1410.547729
1405	Call	52	30.8	32.6	0.3240174	2.108761	1407.851318
1410	Call	52	28.2	29.6	0.3240174	2.108761	1407.999023
1415	Call	52	25.5	26.8	0.3240174	2.108761	1407.996704
1420	Call	52	22.8	24.1	0.3240174	2.108761	1407.944336
1425	Call	52	20.6	21.6	0.3240174	2.108761	1408.092163
1405	Call	80	39.5	41.4	0.4331506	2.099028	1406.30127
1410	Call	80	36.8	38.3	0.4331506	2.099028	1406.496582
1415	Call	80	33.8	35.6	0.4331506	2.099028	1406.291626
1420	Call	80	31.3	32.7	0.4331506	2.099028	1406.537109
1425	Call	80	28.4	30.1	0.4331506	2.099028	1406.382202
1375	Call	93	61.8	66.3	0.4826605	2.081997	1405.738037
1400	Call	93	47	48.4	0.4826605	2.081997	1405.807251
1425	Call	93	32.8	34.1	0.4826605	2.081997	1405.82605
1450	Call	93	21.2	22.5	0.4826605	2.081997	1405.043945
1475	Call	93	12.6	13.9	0.4826605	2.081997	1405.66394
1375	Call	115	67.4	69.7	0.5572296	1.981643	1404.051392
1400	Call	115	51.4	53.6	0.5572296	1.981643	1404.407959
1425	Call	115	37.3	39.2	0.5572296	1.981643	1404.213379
1450	Call	115	25.5	27.2	0.5572296	1.981643	1404.269043
1475	Call	115	16.2	17.7	0.5572296	1.981643	1404.124756
1375	Call	178	80.7	83.2	0.7316633	2.089964	1400.039673
1400	Call	178	65.2	67.3	0.7316633	2.089964	1400.45166
1425	Call	178	50.7	53.1	0.7316633	2.089964	1400.311279
1450	Call	178	39	40.5	0.7316633	2.089964	1400.22168
1475	Call	178	28	29.7	0.7316633	2.089964	1400.332397
1375	Call	184	82.2	84.5	0.7436823	2.098077	1399.140991
1400	Call	184	66.6	68.8	0.7436823	2.098077	1399.146729
1425	Call	184	52.5	54.5	0.7436823	2.098077	1399.001953
1450	Call	184	40.1	41.9	0.7436823	2.098077	1399.859985
1475	Call	184	29.5	31	0.7436823	2.098077	1399.714966
1375	Call	269	95.5	98.5	0.8831472	2.154654	1393.822876
1400	Call	269	80.4	83.4	0.8831472	2.154654	1393.306274
1425	Call	269	66.5	69.1	0.8831472	2.154654	1393.594482
1450	Call	269	53.7	56.4	0.8831472	2.154654	1393.631104
1475	Call	269	42.4	44.8	0.8831472	2.154654	1393.516724
1405	Put	24	16.2	17.4	0.232443	1.531465	1410.550903
1410	Put	24	18.1	19.4	0.232443	1.531465	1410.800171
1415	Put	24	20.3	21.6	0.232443	1.531465	1410.549316
1420	Put	24	22.7	24.1	0.232443	1.531465	1410.698486
1425	Put	24	25.3	26.8	0.232443	1.531465	1410.547729
1405	Put	52	27.9	29.8	0.3240174	2.108761	1407.851318
1410	Put	52	29.9	31.9	0.3240174	2.108761	1407.999023
1415	Put	52	32.1	34.2	0.3240174	2.108761	1407.996704
1420	Put	52	34.4	36.6	0.3240174	2.108761	1407.944336
1425	Put	52	36.9	39.1	0.3240174	2.108761	1408.092163
1405	Put	80	38.1	40.2	0.4331506	2.099028	1406.30127
1410	Put	80	40.2	41.9	0.4331506	2.099028	1406.496582
1415	Put	80	42.3	44.5	0.4331506	2.099028	1406.291626
1420	Put	80	44.6	46.3	0.4331506	2.099028	1406.537109
1425	Put	80	47	48.7	0.4331506	2.099028	1406.382202
1375	Put	93	32.6	34.1	0.4826605	2.081997	1405.738037
1400	Put	93	41	42.8	0.4826605	2.081997	1405.807251
1425	Put	93	51.6	53.6	0.4826605	2.081997	1405.82605
1450	Put	93	64.8	68.7	0.4826605	2.081997	1405.043945
1475	Put	93	80.1	84.9	0.4826605	2.081997	1405.66394
1375	Put	115	38.5	40.6	0.5572296	1.981643	1404.052002
1400	Put	115	47.2	49	0.5572296	1.981643	1404.407837
1425	Put	115	57.8	60.2	0.5572296	1.981643	1404.213013
1450	Put	115	70.6	73.4	0.5572296	1.981643	1404.269165
1475	Put	115	86.2	89.2	0.5572296	1.981643	1404.124023
1375	Put	178	55.7	58.3	0.7316633	2.089964	1400.039673
1400	Put	178	64.8	66.8	0.7316633	2.089964	1400.45166
1425	Put	178	75.4	77.6	0.7316633	2.089964	1400.311279
1450	Put	178	87.7	91	0.7316633	2.089964	1400.22168
1475	Put	178	102	104.5	0.7316633	2.089964	1400.332397
1375	Put	184	57.9	60.7	0.7436823	2.098077	1399.140991
1400	Put	184	67	70.1	0.7436823	2.098077	1399.146973
1425	Put	184	77.7	81.1	0.7436823	2.098077	1399.001953
1450	Put	184	88.5	93.4	0.7436823	2.098077	1399.859985
1475	Put	184	102.3	108.2	0.7436823	2.098077	1399.714966
1375	Put	269	77.1	79.5	0.8831472	2.154654	1393.822876
1400	Put	269	86.8	90.3	0.8831472	2.154654	1393.306274
1425	Put	269	97.6	100.4	0.8831472	2.154654	1393.594482
1450	Put	269	109.5	112.6	0.8831472	2.154654	1393.631104
1475	Put	269	122.9	126.2	0.8831472	2.154654	1393.516724