strike	maturity	bid	ask	r 	q	fwd
1405	2	11.4	12.3	0.2781066	0.5471396	1411.849976
1410	2	7.6	9	0.2781066	0.5471396	1411.75
1415	2	5	6	0.2781066	0.5471396	1411.449951
1420	2	3.2	4.1	0.2781066	0.5471396	1411.699951
1425	2	2.2	2.4	0.2781066	0.5471396	1411.699951
1405	24	21.7	23	0.232443	1.531465	1410.550903
1410	24	19.1	20	0.232443	1.531465	1410.800171
1415	24	15.9	17.1	0.232443	1.531465	1410.549316
1420	24	13.6	14.6	0.232443	1.531465	1410.698975
1425	24	11	12.2	0.232443	1.531465	1410.547729
1405	52	30.8	32.6	0.3240174	2.108761	1407.851318
1410	52	28.2	29.6	0.3240174	2.108761	1407.999023
1415	52	25.5	26.8	0.3240174	2.108761	1407.996704
1420	52	22.8	24.1	0.3240174	2.108761	1407.944336
1425	52	20.6	21.6	0.3240174	2.108761	1408.092163
1405	80	39.5	41.4	0.4331506	2.099028	1406.30127
1410	80	36.8	38.3	0.4331506	2.099028	1406.496582
1415	80	33.8	35.6	0.4331506	2.099028	1406.291626
1420	80	31.3	32.7	0.4331506	2.099028	1406.537109
1425	80	28.4	30.1	0.4331506	2.099028	1406.382202
1375	93	61.8	66.3	0.4826605	2.081997	1405.738037
1400	93	47	48.4	0.4826605	2.081997	1405.807251
1425	93	32.8	34.1	0.4826605	2.081997	1405.82605
1450	93	21.2	22.5	0.4826605	2.081997	1405.043945
1475	93	12.6	13.9	0.4826605	2.081997	1405.66394
1375	115	67.4	69.7	0.5572296	1.981643	1404.051392
1400	115	51.4	53.6	0.5572296	1.981643	1404.407959
1425	115	37.3	39.2	0.5572296	1.981643	1404.213379
1450	115	25.5	27.2	0.5572296	1.981643	1404.269043
1475	115	16.2	17.7	0.5572296	1.981643	1404.124756
1375	178	80.7	83.2	0.7316633	2.089964	1400.039673
1400	178	65.2	67.3	0.7316633	2.089964	1400.45166
1425	178	50.7	53.1	0.7316633	2.089964	1400.311279
1450	178	39	40.5	0.7316633	2.089964	1400.22168
1475	178	28	29.7	0.7316633	2.089964	1400.332397
1375	184	82.2	84.5	0.7436823	2.098077	1399.140991
1400	184	66.6	68.8	0.7436823	2.098077	1399.146729
1425	184	52.5	54.5	0.7436823	2.098077	1399.001953
1450	184	40.1	41.9	0.7436823	2.098077	1399.859985
1475	184	29.5	31	0.7436823	2.098077	1399.714966
1375	269	95.5	98.5	0.8831472	2.154654	1393.822876
1400	269	80.4	83.4	0.8831472	2.154654	1393.306274
1425	269	66.5	69.1	0.8831472	2.154654	1393.594482
1450	269	53.7	56.4	0.8831472	2.154654	1393.631104
1475	269	42.4	44.8	0.8831472	2.154654	1393.516724
1405	2	4.4	5.6	0.2781066	0.5471396	1411.850098
1410	2	6.1	7	0.2781066	0.5471396	1411.75
1415	2	8.3	9.8	0.2781066	0.5471396	1411.449951
1420	2	11.1	12.8	0.2781066	0.5471396	1411.699951
1425	2	14.5	16.7	0.2781066	0.5471396	1411.699951
1405	24	16.2	17.4	0.232443	1.531465	1410.550903
1410	24	18.1	19.4	0.232443	1.531465	1410.800171
1415	24	20.3	21.6	0.232443	1.531465	1410.549316
1420	24	22.7	24.1	0.232443	1.531465	1410.698486
1425	24	25.3	26.8	0.232443	1.531465	1410.547729
1405	52	27.9	29.8	0.3240174	2.108761	1407.851318
1410	52	29.9	31.9	0.3240174	2.108761	1407.999023
1415	52	32.1	34.2	0.3240174	2.108761	1407.996704
1420	52	34.4	36.6	0.3240174	2.108761	1407.944336
1425	52	36.9	39.1	0.3240174	2.108761	1408.092163
1405	80	38.1	40.2	0.4331506	2.099028	1406.30127
1410	80	40.2	41.9	0.4331506	2.099028	1406.496582
1415	80	42.3	44.5	0.4331506	2.099028	1406.291626
1420	80	44.6	46.3	0.4331506	2.099028	1406.537109
1425	80	47	48.7	0.4331506	2.099028	1406.382202
1375	93	32.6	34.1	0.4826605	2.081997	1405.738037
1400	93	41	42.8	0.4826605	2.081997	1405.807251
1425	93	51.6	53.6	0.4826605	2.081997	1405.82605
1450	93	64.8	68.7	0.4826605	2.081997	1405.043945
1475	93	80.1	84.9	0.4826605	2.081997	1405.66394
1375	115	38.5	40.6	0.5572296	1.981643	1404.052002
1400	115	47.2	49	0.5572296	1.981643	1404.407837
1425	115	57.8	60.2	0.5572296	1.981643	1404.213013
1450	115	70.6	73.4	0.5572296	1.981643	1404.269165
1475	115	86.2	89.2	0.5572296	1.981643	1404.124023
1375	178	55.7	58.3	0.7316633	2.089964	1400.039673
1400	178	64.8	66.8	0.7316633	2.089964	1400.45166
1425	178	75.4	77.6	0.7316633	2.089964	1400.311279
1450	178	87.7	91	0.7316633	2.089964	1400.22168
1475	178	102	104.5	0.7316633	2.089964	1400.332397
1375	184	57.9	60.7	0.7436823	2.098077	1399.140991
1400	184	67	70.1	0.7436823	2.098077	1399.146973
1425	184	77.7	81.1	0.7436823	2.098077	1399.001953
1450	184	88.5	93.4	0.7436823	2.098077	1399.859985
1475	184	102.3	108.2	0.7436823	2.098077	1399.714966
1375	269	77.1	79.5	0.8831472	2.154654	1393.822876
1400	269	86.8	90.3	0.8831472	2.154654	1393.306274
1425	269	97.6	100.4	0.8831472	2.154654	1393.594482
1450	269	109.5	112.6	0.8831472	2.154654	1393.631104
1475	269	122.9	126.2	0.8831472	2.154654	1393.516724