T	rate	div_rate
0.10000	0.30828	1.89245
0.11000	0.31826	1.89767
0.12000	0.32824	1.90289
0.13000	0.33821	1.90812
0.14000	0.34819	1.91334
0.15000	0.35817	1.91856
0.16000	0.36815	1.92379
0.17000	0.37813	1.92901
0.18000	0.38810	1.93423
0.19000	0.39808	1.93946
0.20000	0.40806	1.94468
0.21000	0.41804	1.94990
0.22000	0.42801	1.95513
0.23000	0.43799	1.96035
0.24000	0.44797	1.96557
0.25000	0.45795	1.97080
0.26000	0.46793	1.97602
0.27000	0.47790	1.98124
0.28000	0.48788	1.98647
0.29000	0.49786	1.99169
0.30000	0.50784	1.99691
0.31000	0.51781	2.00214
0.32000	0.52779	2.00736
0.33000	0.53777	2.01258
0.34000	0.54775	2.01781
0.35000	0.55773	2.02303
0.36000	0.56770	2.02825
0.37000	0.57768	2.03348
0.38000	0.58766	2.03870
0.39000	0.59764	2.04392
0.40000	0.60761	2.04915
0.41000	0.61759	2.05437
0.42000	0.62757	2.05959
0.43000	0.63755	2.06482
0.44000	0.64752	2.07004
0.45000	0.65750	2.07526
0.46000	0.66748	2.08049
0.47000	0.67746	2.08571
0.48000	0.68744	2.09093
0.49000	0.69741	2.09616
0.50000	0.70739	2.10138
0.51000	0.71737	2.10660
0.52000	0.72735	2.11183
0.53000	0.73732	2.11705
0.54000	0.74730	2.12227
0.55000	0.75728	2.12750
0.56000	0.76726	2.13272
0.57000	0.77724	2.13794
0.58000	0.78721	2.14317
0.59000	0.79719	2.14839
0.60000	0.80717	2.15361
0.61000	0.81715	2.15884
0.62000	0.82712	2.16406
0.63000	0.83710	2.16928
0.64000	0.84708	2.17451
0.65000	0.85706	2.17973
0.66000	0.86704	2.18495
0.67000	0.87701	2.19018
0.68000	0.88699	2.19540
0.69000	0.89697	2.20062
0.70000	0.90695	2.20585
0.71000	0.91692	2.21107
0.72000	0.92690	2.21629
0.73000	0.93688	2.22152