Error: 35.3246	 Parameters: 0.038  0.22  -0.093  6.9  2.5  9.4  

Error: 34.6477	 Parameters: 0.038  0.22  -0.093  6.9  2.5  9.44  

Error: 34.2759	 Parameters: 0.038  0.22  -0.093  6.9  2.5  9.48  

Error: 34.0689	 Parameters: 0.038  0.22  -0.093  6.9  2.5  9.52  

Error: 34.0548	 Parameters: 0.038  0.22  -0.093  6.94  2.5  9.56  

Error: 33.9371	 Parameters: 0.038  0.22  -0.093  6.98  2.54  9.52  

Error: 33.8847	 Parameters: 0.038  0.22  -0.093  7.02  2.54  9.56  

Error: 33.8177	 Parameters: 0.038  0.22  -0.0934  6.94  2.5  9.52  

Error: 33.8135	 Parameters: 0.038  0.22  -0.0934  6.98  2.5  9.56  

Error: 33.75	 Parameters: 0.038  0.22  -0.0934  7.02  2.54  9.52  

Error: 33.7247	 Parameters: 0.038  0.22  -0.0934  7.06  2.54  9.52  

Error: 33.6528	 Parameters: 0.038  0.22  -0.0934  7.06  2.54  9.56  

Error: 33.5907	 Parameters: 0.038  0.22  -0.0938  6.98  2.5  9.48  

Error: 33.5761	 Parameters: 0.038  0.22  -0.0938  7.02  2.5  9.52  

Error: 33.5615	 Parameters: 0.038  0.22  -0.0938  7.02  2.5  9.56  

Error: 33.5409	 Parameters: 0.038  0.22  -0.0942  7.02  2.5  9.44  

Error: 33.3776	 Parameters: 0.038  0.22  -0.0942  7.02  2.5  9.48  

Error: 33.3317	 Parameters: 0.038  0.22  -0.0942  7.06  2.5  9.52  

Error: 33.2797	 Parameters: 0.038  0.22  -0.0946  7.06  2.5  9.44  

Error: 33.2797
0.038
0.22
-0.0946
7.06
2.5
9.44
