Error: 40.7849	 Parameters: 0.035  0.215  -0.0946  7.06  2.4  9.44  

Error: 40.6372	 Parameters: 0.035  0.215  -0.0946  7.06  2.4  9.444  

Error: 40.4959	 Parameters: 0.035  0.215  -0.0946  7.06  2.4  9.448  

Error: 40.3607	 Parameters: 0.035  0.215  -0.0946  7.06  2.4  9.452  

Error: 40.2256	 Parameters: 0.035  0.215  -0.0946  7.06  2.4  9.456  

Error: 38.9877	 Parameters: 0.035  0.215  -0.0946  7.06  2.42  9.44  

Error: 38.8553	 Parameters: 0.035  0.215  -0.0946  7.06  2.42  9.444  

Error: 38.7355	 Parameters: 0.035  0.215  -0.0946  7.06  2.42  9.448  

Error: 38.6206	 Parameters: 0.035  0.215  -0.0946  7.06  2.42  9.452  

Error: 38.5061	 Parameters: 0.035  0.215  -0.0946  7.06  2.42  9.456  

Error: 37.3801	 Parameters: 0.035  0.215  -0.0946  7.06  2.44  9.44  

Error: 37.2651	 Parameters: 0.035  0.215  -0.0946  7.06  2.44  9.444  

Error: 37.1501	 Parameters: 0.035  0.215  -0.0946  7.06  2.44  9.448  

Error: 37.0351	 Parameters: 0.035  0.215  -0.0946  7.06  2.44  9.452  

Error: 36.9201	 Parameters: 0.035  0.215  -0.0946  7.06  2.44  9.456  

Error: 35.9283	 Parameters: 0.035  0.215  -0.0946  7.06  2.46  9.44  

Error: 35.8399	 Parameters: 0.035  0.215  -0.0946  7.06  2.46  9.444  

Error: 35.7515	 Parameters: 0.035  0.215  -0.0946  7.06  2.46  9.448  

Error: 35.6631	 Parameters: 0.035  0.215  -0.0946  7.06  2.46  9.452  

Error: 35.5748	 Parameters: 0.035  0.215  -0.0946  7.06  2.46  9.456  

Error: 34.9666	 Parameters: 0.035  0.215  -0.0946  7.06  2.48  9.44  

Error: 34.9077	 Parameters: 0.035  0.215  -0.0946  7.06  2.48  9.444  

Error: 34.8489	 Parameters: 0.035  0.215  -0.0946  7.06  2.48  9.448  

Error: 34.7901	 Parameters: 0.035  0.215  -0.0946  7.06  2.48  9.452  

Error: 34.7313	 Parameters: 0.035  0.215  -0.0946  7.06  2.48  9.456  

Error: 34.6844	 Parameters: 0.0356  0.215  -0.0946  7.06  2.46  9.452  

Error: 34.6374	 Parameters: 0.0356  0.215  -0.0946  7.06  2.46  9.456  

Error: 34.2601	 Parameters: 0.0356  0.215  -0.0946  7.06  2.48  9.44  

Error: 34.0931	 Parameters: 0.0356  0.215  -0.0946  7.06  2.48  9.444  

Error: 34.0575	 Parameters: 0.0356  0.215  -0.0946  7.06  2.48  9.448  

Error: 34.0219	 Parameters: 0.0356  0.215  -0.0946  7.06  2.48  9.452  

Error: 33.9863	 Parameters: 0.0356  0.215  -0.0946  7.06  2.48  9.456  

Error: 33.6223	 Parameters: 0.0362  0.215  -0.0946  7.06  2.48  9.44  

Error: 33.6175	 Parameters: 0.0362  0.215  -0.0946  7.06  2.48  9.448  

Error: 33.5822	 Parameters: 0.0362  0.215  -0.0946  7.06  2.48  9.452  

Error: 33.4256	 Parameters: 0.0362  0.215  -0.0946  7.06  2.48  9.456  

Error: 33.0434	 Parameters: 0.0368  0.215  -0.0946  7.06  2.48  9.44  

Error: 33.0082	 Parameters: 0.0368  0.215  -0.0946  7.06  2.48  9.444  

Error: 32.973	 Parameters: 0.0368  0.215  -0.0946  7.06  2.48  9.448  

Error: 32.9677	 Parameters: 0.0368  0.215  -0.0946  7.06  2.48  9.456  

Error: 32.9441	 Parameters: 0.0374  0.215  -0.0946  7.06  2.46  9.456  

Error: 32.8594	 Parameters: 0.0374  0.215  -0.0946  7.06  2.48  9.44  

Error: 32.8327	 Parameters: 0.0374  0.215  -0.0946  7.06  2.48  9.456  

Error: 32.8327
0.0374
0.215
-0.0946
7.06
2.48
9.456
