Strike 	 TTM 	 Premium
1000	0.1	410.957
1010	0.1	400.919
1020	0.1	390.888
1030	0.1	380.887
1040	0.1	370.898
1050	0.1	360.889
1060	0.1	350.854
1070	0.1	340.824
1080	0.1	330.823
1090	0.1	320.841
1100	0.1	310.846
1110	0.1	300.825
1120	0.1	290.799
1130	0.1	280.799
1140	0.1	270.831
1150	0.1	260.869
1160	0.1	250.887
1170	0.1	240.889
1180	0.1	230.909
1190	0.1	220.97
1200	0.1	211.07
1210	0.1	201.179
1220	0.1	191.28
1230	0.1	181.388
1240	0.1	171.538
1250	0.1	161.762
1260	0.1	152.057
1270	0.1	142.401
1280	0.1	132.777
1290	0.1	123.205
1300	0.1	113.733
1310	0.1	104.409
1320	0.1	95.2524
1330	0.1	86.2525
1340	0.1	77.3973
1350	0.1	68.7074
1360	0.1	60.248
1370	0.1	52.1066
1380	0.1	44.3532
1390	0.1	37.016
1400	0.1	30.0935
1410	0.1	23.599
1420	0.1	17.6092
1430	0.1	12.2794
1440	0.1	7.80792
1450	0.1	4.36206
1460	0.1	2.00057
1470	0.1	0.632768
1480	0.1	0.0345128
1490	0.1	-0.0862311
1500	0.1	-0.00506714
1510	0.1	0.0856377
1520	0.1	0.101906
1530	0.1	0.0494832
1540	0.1	-0.0213997
1550	0.1	-0.0626114
1560	0.1	-0.0560169
1570	0.1	-0.0159779
1580	0.1	0.0268391
1590	0.1	0.0465766
1600	0.1	0.0357113
1610	0.1	0.00555094
1620	0.1	-0.0236588
1630	0.1	-0.0355389
1640	0.1	-0.0258861
1650	0.1	-0.00294896
1660	0.1	0.0189888
1670	0.1	0.0281579
1680	0.1	0.0211668
1690	0.1	0.0035922
1700	0.1	-0.0141504
1710	0.1	-0.0228158
1720	0.1	-0.0188938
1730	0.1	-0.00566096
1740	0.1	0.00929097
1750	0.1	0.0183346
1760	0.1	0.0175551
1770	0.1	0.00822977
1780	0.1	-0.00436654
1790	0.1	-0.0139137
1800	0.1	-0.0161424
1810	0.1	-0.0106146
1820	0.1	-0.000531595
1830	0.1	0.00910261
1840	0.1	0.0139331
1850	0.1	0.0121488
1860	0.1	0.00504455
1870	0.1	-0.0038443
1880	0.1	-0.0104952
1890	0.1	-0.0121834
1900	0.1	-0.0085319
1910	0.1	-0.00146217
1920	0.1	0.00581606
1930	0.1	0.0102529
1940	0.1	0.0102024
1950	0.1	0.00597631
1960	0.1	-0.00044579
1970	0.1	-0.0063475
1980	0.1	-0.00941444
1990	0.1	-0.00861231

1000	0.15	410.232
1010	0.15	400.231
1020	0.15	390.21
1030	0.15	380.185
1040	0.15	370.18
1050	0.15	360.197
1060	0.15	350.212
1070	0.15	340.212
1080	0.15	330.208
1090	0.15	320.224
1100	0.15	310.268
1110	0.15	300.323
1120	0.15	290.37
1130	0.15	280.414
1140	0.15	270.476
1150	0.15	260.576
1160	0.15	250.708
1170	0.15	240.853
1180	0.15	231.003
1190	0.15	221.171
1200	0.15	211.384
1210	0.15	201.657
1220	0.15	191.983
1230	0.15	182.347
1240	0.15	172.744
1250	0.15	163.196
1260	0.15	153.733
1270	0.15	144.377
1280	0.15	135.127
1290	0.15	125.969
1300	0.15	116.905
1310	0.15	107.958
1320	0.15	99.1691
1330	0.15	90.575
1340	0.15	82.1915
1350	0.15	74.0155
1360	0.15	66.0463
1370	0.15	58.3075
1380	0.15	50.8521
1390	0.15	43.7453
1400	0.15	37.0378
1410	0.15	30.7506
1420	0.15	24.8844
1430	0.15	19.4514
1440	0.15	14.5058
1450	0.15	10.1532
1460	0.15	6.52517
1470	0.15	3.7284
1480	0.15	1.79207
1490	0.15	0.639981
1500	0.15	0.101333
1510	0.15	-0.0442787
1520	0.15	-0.00782176
1530	0.15	0.0576368
1540	0.15	0.0775408
1550	0.15	0.0456874
1560	0.15	-0.00618253
1570	0.15	-0.0421327
1580	0.15	-0.0445755
1590	0.15	-0.0194379
1600	0.15	0.0129465
1610	0.15	0.0324307
1620	0.15	0.0301064
1630	0.15	0.0108862
1640	0.15	-0.0118319
1650	0.15	-0.0249514
1660	0.15	-0.022646
1670	0.15	-0.00825252
1680	0.15	0.00894366
1690	0.15	0.0194692
1700	0.15	0.0185975
1710	0.15	0.00809982
1720	0.15	-0.00554882
1730	0.15	-0.01506
1740	0.15	-0.0160755
1750	0.15	-0.00895315
1760	0.15	0.0019868
1770	0.15	0.0110317
1780	0.15	0.013984
1790	0.15	0.00998643
1800	0.15	0.00155298
1810	0.15	-0.00697292
1820	0.15	-0.0116224
1830	0.15	-0.0105794
1840	0.15	-0.00478233
1850	0.15	0.00277586
1860	0.15	0.00858318
1870	0.15	0.0102066
1880	0.15	0.00725028
1890	0.15	0.00133379
1900	0.15	-0.00478847
1910	0.15	-0.00849932
1920	0.15	-0.00840553
1930	0.15	-0.00480849
1940	0.15	0.00056878
1950	0.15	0.00540811
1960	0.15	0.00778441
1970	0.15	0.00690371
1980	0.15	0.00332396
1990	0.15	-0.00137548

1000	0.2	409.688
1010	0.2	399.709
1020	0.2	389.737
1030	0.2	379.757
1040	0.2	369.775
1050	0.2	359.81
1060	0.2	349.871
1070	0.2	339.945
1080	0.2	330.018
1090	0.2	320.093
1100	0.2	310.188
1110	0.2	300.317
1120	0.2	290.473
1130	0.2	280.643
1140	0.2	270.823
1150	0.2	261.026
1160	0.2	251.272
1170	0.2	241.567
1180	0.2	231.901
1190	0.2	222.264
1200	0.2	212.661
1210	0.2	203.11
1220	0.2	193.631
1230	0.2	184.229
1240	0.2	174.896
1250	0.2	165.626
1260	0.2	156.428
1270	0.2	147.323
1280	0.2	138.337
1290	0.2	129.48
1300	0.2	120.75
1310	0.2	112.143
1320	0.2	103.668
1330	0.2	95.3519
1340	0.2	87.2282
1350	0.2	79.3228
1360	0.2	71.6449
1370	0.2	64.1944
1380	0.2	56.9783
1390	0.2	50.0241
1400	0.2	43.378
1410	0.2	37.0898
1420	0.2	31.1945
1430	0.2	25.7055
1440	0.2	20.6266
1450	0.2	15.9748
1460	0.2	11.7996
1470	0.2	8.18392
1480	0.2	5.21971
1490	0.2	2.96987
1500	0.2	1.43244
1510	0.2	0.52573
1520	0.2	0.101664
1530	0.2	-0.0178353
1540	0.2	0.00294166
1550	0.2	0.0474242
1560	0.2	0.0595474
1570	0.2	0.0344444
1580	0.2	-0.00476158
1590	0.2	-0.0318612
1600	0.2	-0.0339834
1610	0.2	-0.0153869
1620	0.2	0.00904216
1630	0.2	0.024311
1640	0.2	0.0234308
1650	0.2	0.00953566
1660	0.2	-0.0077328
1670	0.2	-0.0185114
1680	0.2	-0.0179323
1690	0.2	-0.00783303
1700	0.2	0.00525401
1710	0.2	0.0141579
1720	0.2	0.0147999
1730	0.2	0.00780519
1740	0.2	-0.00245309
1750	0.2	-0.0105094
1760	0.2	-0.0126185
1770	0.2	-0.00835305
1780	0.2	-0.000403145
1790	0.2	0.00707326
1800	0.2	0.010578
1810	0.2	0.00882854
1820	0.2	0.00310363
1830	0.2	-0.00361997
1840	0.2	-0.00819704
1850	0.2	-0.00874261
1860	0.2	-0.00534028
1870	0.2	0.000192777
1880	0.2	0.00526953
1890	0.2	0.00772507
1900	0.2	0.00670222
1910	0.2	0.00289159
1920	0.2	-0.00190164
1930	0.2	-0.00560986
1940	0.2	-0.00677807
1950	0.2	-0.00510311
1960	0.2	-0.0014555
1970	0.2	0.00257027
1980	0.2	0.00534971
1990	0.2	0.00586921

1000	0.25	409.432
1010	0.25	399.481
1020	0.25	389.552
1030	0.25	379.637
1040	0.25	369.726
1050	0.25	359.82
1060	0.25	349.934
1070	0.25	340.076
1080	0.25	330.242
1090	0.25	320.422
1100	0.25	310.613
1110	0.25	300.83
1120	0.25	291.084
1130	0.25	281.378
1140	0.25	271.701
1150	0.25	262.048
1160	0.25	252.429
1170	0.25	242.858
1180	0.25	233.345
1190	0.25	223.887
1200	0.25	214.478
1210	0.25	205.118
1220	0.25	195.819
1230	0.25	186.597
1240	0.25	177.465
1250	0.25	168.421
1260	0.25	159.459
1270	0.25	150.584
1280	0.25	141.809
1290	0.25	133.156
1300	0.25	124.642
1310	0.25	116.269
1320	0.25	108.039
1330	0.25	99.9524
1340	0.25	92.027
1350	0.25	84.2889
1360	0.25	76.7648
1370	0.25	69.4711
1380	0.25	62.414
1390	0.25	55.5975
1400	0.25	49.0362
1410	0.25	42.7603
1420	0.25	36.8104
1430	0.25	31.2234
1440	0.25	26.0227
1450	0.25	21.2174
1460	0.25	16.8148
1470	0.25	12.837
1480	0.25	9.33008
1490	0.25	6.35792
1500	0.25	3.97962
1510	0.25	2.22069
1520	0.25	1.05113
1530	0.25	0.381406
1540	0.25	0.0789022
1550	0.25	-0.00161897
1560	0.25	0.0141376
1570	0.25	0.0420154
1580	0.25	0.0448391
1590	0.25	0.0223654
1600	0.25	-0.0072557
1610	0.25	-0.0255911
1620	0.25	-0.0248804
1630	0.25	-0.00967462
1640	0.25	0.0085436
1650	0.25	0.0190416
1660	0.25	0.0173543
1670	0.25	0.00636905
1680	0.25	-0.00658298
1690	0.25	-0.0143313
1700	0.25	-0.0135287
1710	0.25	-0.00573319
1720	0.25	0.00415005
1730	0.25	0.0108332
1740	0.25	0.0113287
1750	0.25	0.00609664
1760	0.25	-0.00164866
1770	0.25	-0.00785578
1780	0.25	-0.0096836
1790	0.25	-0.00669822
1800	0.25	-0.000784665
1810	0.25	0.00500519
1820	0.25	0.00799481
1830	0.25	0.00706317
1840	0.25	0.00298018
1850	0.25	-0.0021429
1860	0.25	-0.00593282
1870	0.25	-0.00682519
1880	0.25	-0.00466336
1890	0.25	-0.000625128
1900	0.25	0.00341186
1910	0.25	0.00573268
1920	0.25	0.00548882
1930	0.25	0.0029696
1940	0.25	-0.000621706
1950	0.25	-0.00374132
1960	0.25	-0.00515893
1970	0.25	-0.0044223
1980	0.25	-0.00196894
1990	0.25	0.00112199

1000	0.3	409.432
1010	0.3	399.532
1020	0.3	389.65
1030	0.3	379.793
1040	0.3	369.956
1050	0.3	360.133
1060	0.3	350.322
1070	0.3	340.535
1080	0.3	330.781
1090	0.3	321.058
1100	0.3	311.358
1110	0.3	301.681
1120	0.3	292.035
1130	0.3	282.432
1140	0.3	272.874
1150	0.3	263.358
1160	0.3	253.878
1170	0.3	244.441
1180	0.3	235.057
1190	0.3	225.737
1200	0.3	216.483
1210	0.3	207.291
1220	0.3	198.16
1230	0.3	189.098
1240	0.3	180.12
1250	0.3	171.236
1260	0.3	162.45
1270	0.3	153.762
1280	0.3	145.172
1290	0.3	136.69
1300	0.3	128.333
1310	0.3	120.117
1320	0.3	112.051
1330	0.3	104.138
1340	0.3	96.3811
1350	0.3	88.7901
1360	0.3	81.3849
1370	0.3	74.1891
1380	0.3	67.2221
1390	0.3	60.495
1400	0.3	54.0138
1410	0.3	47.7881
1420	0.3	41.8376
1430	0.3	36.1926
1440	0.3	30.8862
1450	0.3	25.9445
1460	0.3	21.3822
1470	0.3	17.2064
1480	0.3	13.4273
1490	0.3	10.0689
1500	0.3	7.17022
1510	0.3	4.77537
1520	0.3	2.91388
1530	0.3	1.58081
1540	0.3	0.725706
1550	0.3	0.256274
1560	0.3	0.0559767
1570	0.3	0.00872232
1580	0.3	0.0213802
1590	0.3	0.0364749
1600	0.3	0.0321859
1610	0.3	0.0120693
1620	0.3	-0.00960956
1630	0.3	-0.0205896
1640	0.3	-0.017258
1650	0.3	-0.00454741
1660	0.3	0.00865045
1670	0.3	0.0150078
1680	0.3	0.0122352
1690	0.3	0.00326096
1700	0.3	-0.00625
1710	0.3	-0.0112663
1720	0.3	-0.00982185
1730	0.3	-0.00350345
1740	0.3	0.00388751
1750	0.3	0.00853376
1760	0.3	0.00846322
1770	0.3	0.00424368
1780	0.3	-0.00163101
1790	0.3	-0.00617406
1800	0.3	-0.00737008
1810	0.3	-0.00499197
1820	0.3	-0.000490297
1830	0.3	0.00386556
1840	0.3	0.00610694
1850	0.3	0.00541365
1860	0.3	0.00235179
1870	0.3	-0.00152371
1880	0.3	-0.00444978
1890	0.3	-0.00523678
1900	0.3	-0.00371844
1910	0.3	-0.000720546
1920	0.3	0.00238203
1930	0.3	0.0042888
1940	0.3	0.00430152
1950	0.3	0.0025527
1960	0.3	-0.000123917
1970	0.3	-0.0025899
1980	0.3	-0.0038803
1990	0.3	-0.00356721

1000	0.35	409.606
1010	0.35	399.771
1020	0.35	389.949
1030	0.35	380.147
1040	0.35	370.373
1050	0.35	360.625
1060	0.35	350.897
1070	0.35	341.189
1080	0.35	331.51
1090	0.35	321.866
1100	0.35	312.26
1110	0.35	302.685
1120	0.35	293.142
1130	0.35	283.635
1140	0.35	274.175
1150	0.35	264.766
1160	0.35	255.408
1170	0.35	246.095
1180	0.35	236.833
1190	0.35	227.63
1200	0.35	218.495
1210	0.35	209.433
1220	0.35	200.443
1230	0.35	191.525
1240	0.35	182.683
1250	0.35	173.929
1260	0.35	165.275
1270	0.35	156.727
1280	0.35	148.286
1290	0.35	139.953
1300	0.35	131.737
1310	0.35	123.649
1320	0.35	115.705
1330	0.35	107.916
1340	0.35	100.288
1350	0.35	92.8261
1360	0.35	85.5364
1370	0.35	78.4342
1380	0.35	71.5394
1390	0.35	64.8711
1400	0.35	58.4432
1410	0.35	52.2643
1420	0.35	46.3424
1430	0.35	40.6913
1440	0.35	35.333
1450	0.35	30.2942
1460	0.35	25.5998
1470	0.35	21.2668
1480	0.35	17.3041
1490	0.35	13.7177
1500	0.35	10.5192
1510	0.35	7.73031
1520	0.35	5.37948
1530	0.35	3.49084
1540	0.35	2.06888
1550	0.35	1.08644
1560	0.35	0.48158
1570	0.35	0.165739
1580	0.35	0.0402293
1590	0.35	0.0151677
1600	0.35	0.0240861
1610	0.35	0.0298815
1620	0.35	0.0215255
1630	0.35	0.00447008
1640	0.35	-0.0105447
1650	0.35	-0.015991
1660	0.35	-0.0111081
1670	0.35	-0.000755552
1680	0.35	0.00837152
1690	0.35	0.0115718
1700	0.35	0.00812007
1710	0.35	0.000856612
1720	0.35	-0.00590151
1730	0.35	-0.00877495
1740	0.35	-0.00683853
1750	0.35	-0.00168351
1760	0.35	0.00374168
1770	0.35	0.00675205
1780	0.35	0.00617032
1790	0.35	0.00267626
1800	0.35	-0.00175951
1810	0.35	-0.00495765
1820	0.35	-0.00555887
1830	0.35	-0.00354309
1840	0.35	-7.88266e-05
1850	0.35	0.00313774
1860	0.35	0.0046943
1870	0.35	0.00405081
1880	0.35	0.00167954
1890	0.35	-0.00124612
1900	0.35	-0.00342549
1910	0.35	-0.00399348
1920	0.35	-0.00283918
1930	0.35	-0.000577477
1940	0.35	0.00177398
1950	0.35	0.00324756
1960	0.35	0.00331131
1970	0.35	0.00204141
1980	0.35	3.67631e-05
1990	0.35	-0.00186273

1000	0.4	409.892
1010	0.4	400.115
1020	0.4	390.356
1030	0.4	380.614
1040	0.4	370.897
1050	0.4	361.211
1060	0.4	351.555
1070	0.4	341.926
1080	0.4	332.323
1090	0.4	322.753
1100	0.4	313.222
1110	0.4	303.733
1120	0.4	294.282
1130	0.4	284.87
1140	0.4	275.5
1150	0.4	266.182
1160	0.4	256.919
1170	0.4	247.712
1180	0.4	238.56
1190	0.4	229.466
1200	0.4	220.436
1210	0.4	211.479
1220	0.4	202.601
1230	0.4	193.803
1240	0.4	185.085
1250	0.4	176.451
1260	0.4	167.911
1270	0.4	159.475
1280	0.4	151.151
1290	0.4	142.942
1300	0.4	134.85
1310	0.4	126.883
1320	0.4	119.049
1330	0.4	111.363
1340	0.4	103.836
1350	0.4	96.476
1360	0.4	89.2891
1370	0.4	82.2815
1380	0.4	75.4648
1390	0.4	68.8552
1400	0.4	62.4702
1410	0.4	56.3245
1420	0.4	50.4283
1430	0.4	44.7898
1440	0.4	39.4194
1450	0.4	34.3328
1460	0.4	29.5508
1470	0.4	25.0946
1480	0.4	20.9811
1490	0.4	17.2203
1500	0.4	13.8171
1510	0.4	10.7769
1520	0.4	8.11017
1530	0.4	5.83291
1540	0.4	3.96125
1550	0.4	2.50108
1560	0.4	1.43773
1570	0.4	0.730188
1580	0.4	0.313185
1590	0.4	0.106906
1600	0.4	0.0310657
1610	0.4	0.0184008
1620	0.4	0.0232154
1630	0.4	0.0228965
1640	0.4	0.013118
1650	0.4	-0.000404316
1660	0.4	-0.0100751
1670	0.4	-0.0117812
1680	0.4	-0.00643114
1690	0.4	0.0016254
1700	0.4	0.00756108
1710	0.4	0.00859854
1720	0.4	0.00498224
1730	0.4	-0.000724433
1740	0.4	-0.00532727
1750	0.4	-0.00667542
1760	0.4	-0.00453474
1770	0.4	-0.000399051
1780	0.4	0.00348321
1790	0.4	0.00528113
1800	0.4	0.00437971
1810	0.4	0.00149968
1820	0.4	-0.00180973
1830	0.4	-0.00398218
1840	0.4	-0.0041429
1850	0.4	-0.00241579
1860	0.4	0.000249275
1870	0.4	0.00258823
1880	0.4	0.0036074
1890	0.4	0.00298146
1900	0.4	0.00112023
1910	0.4	-0.00108206
1920	0.4	-0.00267107
1930	0.4	-0.00303418
1940	0.4	-0.0021181
1950	0.4	-0.000395893
1960	0.4	0.00137437
1970	0.4	0.00247941
1980	0.4	0.00252887
1990	0.4	0.00157888

1000	0.45	410.244
1010	0.45	400.515
1020	0.45	390.811
1030	0.45	381.13
1040	0.45	371.472
1050	0.45	361.842
1060	0.45	352.246
1070	0.45	342.684
1080	0.45	333.154
1090	0.45	323.656
1100	0.45	314.195
1110	0.45	304.777
1120	0.45	295.405
1130	0.45	286.077
1140	0.45	276.794
1150	0.45	267.56
1160	0.45	258.38
1170	0.45	249.261
1180	0.45	240.204
1190	0.45	231.209
1200	0.45	222.278
1210	0.45	213.417
1220	0.45	204.635
1230	0.45	195.936
1240	0.45	187.323
1250	0.45	178.799
1260	0.45	170.367
1270	0.45	162.035
1280	0.45	153.811
1290	0.45	145.704
1300	0.45	137.72
1310	0.45	129.861
1320	0.45	122.134
1330	0.45	114.546
1340	0.45	107.109
1350	0.45	99.8355
1360	0.45	92.7338
1370	0.45	85.8108
1380	0.45	79.0728
1390	0.45	72.5293
1400	0.45	66.1935
1410	0.45	60.0806
1420	0.45	54.2048
1430	0.45	48.577
1440	0.45	43.2058
1450	0.45	38.0996
1460	0.45	33.27
1470	0.45	28.7325
1480	0.45	24.5042
1490	0.45	20.6002
1500	0.45	17.0303
1510	0.45	13.7996
1520	0.45	10.9102
1530	0.45	8.36614
1540	0.45	6.17451
1550	0.45	4.34387
1560	0.45	2.87797
1570	0.45	1.76797
1580	0.45	0.98634
1590	0.45	0.485629
1600	0.45	0.20326
1610	0.45	0.0709722
1620	0.45	0.0258047
1630	0.45	0.0189893
1640	0.45	0.0201865
1650	0.45	0.0164218
1660	0.45	0.00701954
1670	0.45	-0.00301762
1680	0.45	-0.00869173
1690	0.45	-0.00816751
1700	0.45	-0.0031276
1710	0.45	0.00283193
1720	0.45	0.00639877
1730	0.45	0.0061174
1740	0.45	0.00273238
1750	0.45	-0.00159136
1760	0.45	-0.00457271
1770	0.45	-0.00493145
1780	0.45	-0.00283673
1790	0.45	0.000397284
1800	0.45	0.00309663
1810	0.45	0.00405496
1820	0.45	0.00302243
1830	0.45	0.000690891
1840	0.45	-0.00174063
1850	0.45	-0.00316548
1860	0.45	-0.00304753
1870	0.45	-0.00158779
1880	0.45	0.000449019
1890	0.45	0.00212767
1900	0.45	0.00276002
1910	0.45	0.00216857
1920	0.45	0.000706263
1930	0.45	-0.000945252
1940	0.45	-0.00208916
1950	0.45	-0.00229843
1960	0.45	-0.00156131
1970	0.45	-0.000245745
1980	0.45	0.00108241
1990	0.45	0.00189975

1000	0.5	410.625
1010	0.5	400.94
1020	0.5	391.284
1030	0.5	381.656
1040	0.5	372.055
1050	0.5	362.482
1060	0.5	352.941
1070	0.5	343.437
1080	0.5	333.97
1090	0.5	324.54
1100	0.5	315.147
1110	0.5	305.796
1120	0.5	296.492
1130	0.5	287.238
1140	0.5	278.034
1150	0.5	268.88
1160	0.5	259.78
1170	0.5	250.74
1180	0.5	241.764
1190	0.5	232.856
1200	0.5	224.017
1210	0.5	215.248
1220	0.5	206.556
1230	0.5	197.946
1240	0.5	189.426
1250	0.5	180.998
1260	0.5	172.666
1270	0.5	164.432
1280	0.5	156.305
1290	0.5	148.291
1300	0.5	140.399
1310	0.5	132.636
1320	0.5	125.005
1330	0.5	117.512
1340	0.5	110.164
1350	0.5	102.972
1360	0.5	95.9461
1370	0.5	89.0956
1380	0.5	82.4279
1390	0.5	75.9498
1400	0.5	69.6692
1410	0.5	63.5969
1420	0.5	57.7459
1430	0.5	52.129
1440	0.5	46.7572
1450	0.5	41.6389
1460	0.5	36.7816
1470	0.5	32.1941
1480	0.5	27.8877
1490	0.5	23.8755
1500	0.5	20.17
1510	0.5	16.7802
1520	0.5	13.7109
1530	0.5	10.963
1540	0.5	8.53683
1550	0.5	6.43369
1560	0.5	4.65613
1570	0.5	3.20465
1580	0.5	2.07242
1590	0.5	1.24005
1600	0.5	0.672959
1610	0.5	0.322907
1620	0.5	0.133735
1630	0.5	0.0494695
1640	0.5	0.0222588
1650	0.5	0.0177045
1660	0.5	0.0162838
1670	0.5	0.0110443
1680	0.5	0.00297515
1690	0.5	-0.00402474
1700	0.5	-0.00692924
1710	0.5	-0.00528975
1720	0.5	-0.000980925
1730	0.5	0.00320837
1740	0.5	0.00512305
1750	0.5	0.00415303
1760	0.5	0.00122328
1770	0.5	-0.00193539
1780	0.5	-0.00375266
1790	0.5	-0.00353365
1800	0.5	-0.00164474
1810	0.5	0.000817984
1820	0.5	0.00263894
1830	0.5	0.00305251
1840	0.5	0.00202623
1850	0.5	0.000177944
1860	0.5	-0.00158107
1870	0.5	-0.00248191
1880	0.5	-0.00221438
1890	0.5	-0.0010059
1900	0.5	0.00053746
1910	0.5	0.00172954
1920	0.5	0.00209974
1930	0.5	0.00156467
1940	0.5	0.000421417
1950	0.5	-0.000812617
1960	0.5	-0.00163056
1970	0.5	-0.00173728
1980	0.5	-0.00114544
1990	0.5	-0.000140857

1000	0.55	411.025
1010	0.55	401.385
1020	0.55	391.773
1030	0.55	382.192
1040	0.55	372.642
1050	0.55	363.124
1060	0.55	353.638
1070	0.55	344.187
1080	0.55	334.777
1090	0.55	325.408
1100	0.55	316.081
1110	0.55	306.795
1120	0.55	297.556
1130	0.55	288.368
1140	0.55	279.234
1150	0.55	270.155
1160	0.55	261.132
1170	0.55	252.168
1180	0.55	243.269
1190	0.55	234.439
1200	0.55	225.682
1210	0.55	216.999
1220	0.55	208.394
1230	0.55	199.87
1240	0.55	191.435
1250	0.55	183.093
1260	0.55	174.85
1270	0.55	166.709
1280	0.55	158.674
1290	0.55	150.75
1300	0.55	142.945
1310	0.55	135.267
1320	0.55	127.722
1330	0.55	120.316
1340	0.55	113.054
1350	0.55	105.942
1360	0.55	98.9893
1370	0.55	92.2054
1380	0.55	85.5997
1390	0.55	79.1798
1400	0.55	72.9523
1410	0.55	66.9245
1420	0.55	61.1053
1430	0.55	55.5054
1440	0.55	50.1362
1450	0.55	45.0078
1460	0.55	40.1284
1470	0.55	35.505
1480	0.55	31.1442
1490	0.55	27.0544
1500	0.55	23.2452
1510	0.55	19.7261
1520	0.55	16.505
1530	0.55	13.5858
1540	0.55	10.9692
1550	0.55	8.65339
1560	0.55	6.6363
1570	0.55	4.91619
1580	0.55	3.49041
1590	0.55	2.35225
1600	0.55	1.48689
1610	0.55	0.8686
1620	0.55	0.460395
1630	0.55	0.217039
1640	0.55	0.0905171
1650	0.55	0.0364262
1660	0.55	0.0192938
1670	0.55	0.0153719
1680	0.55	0.0124106
1690	0.55	0.00697401
1700	0.55	0.000564425
1710	0.55	-0.00403617
1720	0.55	-0.00518001
1730	0.55	-0.003164
1740	0.55	0.000271334
1750	0.55	0.00307292
1760	0.55	0.00391606
1770	0.55	0.0026846
1780	0.55	0.000291553
1790	0.55	-0.00193966
1800	0.55	-0.00296555
1810	0.55	-0.00246068
1820	0.55	-0.000854718
1830	0.55	0.00097642
1840	0.55	0.00216958
1850	0.55	0.00225756
1860	0.55	0.001322
1870	0.55	-0.0001144
1880	0.55	-0.00137069
1890	0.55	-0.00191986
1900	0.55	-0.00159464
1910	0.55	-0.000615816
1920	0.55	0.000544429
1930	0.55	0.00138613
1940	0.55	0.00158965
1950	0.55	0.00112627
1960	0.55	0.000239289
1970	0.55	-0.000680967
1980	0.55	-0.00126627
1990	0.55	-0.00131251

1000	0.6	411.426
1010	0.6	401.83
1020	0.6	392.263
1030	0.6	382.726
1040	0.6	373.223
1050	0.6	363.756
1060	0.6	354.323
1070	0.6	344.926
1080	0.6	335.57
1090	0.6	326.257
1100	0.6	316.989
1110	0.6	307.766
1120	0.6	298.592
1130	0.6	289.467
1140	0.6	280.398
1150	0.6	271.387
1160	0.6	262.436
1170	0.6	253.546
1180	0.6	244.721
1190	0.6	235.966
1200	0.6	227.284
1210	0.6	218.68
1220	0.6	210.157
1230	0.6	201.716
1240	0.6	193.363
1250	0.6	185.103
1260	0.6	176.942
1270	0.6	168.885
1280	0.6	160.936
1290	0.6	153.098
1300	0.6	145.378
1310	0.6	137.781
1320	0.6	130.316
1330	0.6	122.988
1340	0.6	115.804
1350	0.6	108.768
1360	0.6	101.888
1370	0.6	95.1695
1380	0.6	88.6225
1390	0.6	82.2553
1400	0.6	76.0755
1410	0.6	70.0899
1420	0.6	64.305
1430	0.6	58.7283
1440	0.6	53.3687
1450	0.6	48.2358
1460	0.6	43.3388
1470	0.6	38.6852
1480	0.6	34.2814
1490	0.6	30.1328
1500	0.6	26.2454
1510	0.6	22.6259
1520	0.6	19.2815
1530	0.6	16.2181
1540	0.6	13.4388
1550	0.6	10.944
1560	0.6	8.73096
1570	0.6	6.79575
1580	0.6	5.13386
1590	0.6	3.74017
1600	0.6	2.60725
1610	0.6	1.72267
1620	0.6	1.06648
1630	0.6	0.610109
1640	0.6	0.317496
1650	0.6	0.148462
1660	0.6	0.0634177
1670	0.6	0.0280242
1680	0.6	0.0164866
1690	0.6	0.0126733
1700	0.6	0.00905252
1710	0.6	0.00411251
1720	0.6	-0.000699086
1730	0.6	-0.00354297
1740	0.6	-0.00366509
1750	0.6	-0.00169424
1760	0.6	0.000904451
1770	0.6	0.00268318
1780	0.6	0.00288119
1790	0.6	0.00164067
1800	0.6	-0.000232165
1810	0.6	-0.00176034
1820	0.6	-0.00227441
1830	0.6	-0.00166785
1840	0.6	-0.000358293
1850	0.6	0.000976452
1860	0.6	0.00173511
1870	0.6	0.00164554
1880	0.6	0.000838701
1890	0.6	-0.00025987
1900	0.6	-0.00114823
1910	0.6	-0.00146902
1920	0.6	-0.0011415
1930	0.6	-0.000362838
1940	0.6	0.00050426
1950	0.6	0.00109724
1960	0.6	0.0011996
1970	0.6	0.000811778
1980	0.6	0.000128424
1990	0.6	-0.000557569

1000	0.65	411.459
1010	0.65	401.893
1020	0.65	392.396
1030	0.65	382.961
1040	0.65	373.584
1050	0.65	364.262
1060	0.65	354.988
1070	0.65	345.759
1080	0.65	336.568
1090	0.65	327.411
1100	0.65	318.28
1110	0.65	309.168
1120	0.65	300.066
1130	0.65	290.971
1140	0.65	281.887
1150	0.65	272.824
1160	0.65	263.796
1170	0.65	254.82
1180	0.65	245.917
1190	0.65	237.104
1200	0.65	228.399
1210	0.65	219.817
1220	0.65	211.364
1230	0.65	203.04
1240	0.65	194.843
1250	0.65	186.767
1260	0.65	178.807
1270	0.65	170.958
1280	0.65	163.215
1290	0.65	155.577
1300	0.65	148.041
1310	0.65	140.608
1320	0.65	133.283
1330	0.65	126.071
1340	0.65	118.974
1350	0.65	111.997
1360	0.65	105.144
1370	0.65	98.4179
1380	0.65	91.8268
1390	0.65	85.3807
1400	0.65	79.0925
1410	0.65	72.9777
1420	0.65	67.0537
1430	0.65	61.3392
1440	0.65	55.8546
1450	0.65	50.6204
1460	0.65	45.6561
1470	0.65	40.978
1480	0.65	36.5966
1490	0.65	32.5165
1500	0.65	28.7357
1510	0.65	25.2473
1520	0.65	22.0406
1530	0.65	19.1026
1540	0.65	16.4182
1550	0.65	13.9716
1560	0.65	11.7462
1570	0.65	9.72676
1580	0.65	7.90062
1590	0.65	6.25936
1600	0.65	4.79916
1610	0.65	3.51981
1620	0.65	2.42226
1630	0.65	1.50562
1640	0.65	0.764441
1650	0.65	0.187435
1660	0.65	-0.242124
1670	0.65	-0.544394
1680	0.65	-0.740211
1690	0.65	-0.848515
1700	0.65	-0.884808
1710	0.65	-0.860985
1720	0.65	-0.786352
1730	0.65	-0.669257
1740	0.65	-0.518628
1750	0.65	-0.344825
1760	0.65	-0.159603
1770	0.65	0.0247156
1780	0.65	0.19649
1790	0.65	0.345963
1800	0.65	0.46608
1810	0.65	0.552778
1820	0.65	0.604768
1830	0.65	0.623024
1840	0.65	0.610186
1850	0.65	0.57005
1860	0.65	0.507201
1870	0.65	0.426777
1880	0.65	0.334278
1890	0.65	0.235329
1900	0.65	0.135389
1910	0.65	0.0394021
1920	0.65	-0.0485316
1930	0.65	-0.125389
1940	0.65	-0.189312
1950	0.65	-0.239538
1960	0.65	-0.276202
1970	0.65	-0.300071
1980	0.65	-0.312289
1990	0.65	-0.314167

1000	0.7	413.206
1010	0.7	403.505
1020	0.7	393.789
1030	0.7	384.079
1040	0.7	374.393
1050	0.7	364.751
1060	0.7	355.168
1070	0.7	345.655
1080	0.7	336.221
1090	0.7	326.877
1100	0.7	317.633
1110	0.7	308.499
1120	0.7	299.483
1130	0.7	290.585
1140	0.7	281.799
1150	0.7	273.118
1160	0.7	264.534
1170	0.7	256.035
1180	0.7	247.612
1190	0.7	239.259
1200	0.7	230.968
1210	0.7	222.737
1220	0.7	214.56
1230	0.7	206.434
1240	0.7	198.352
1250	0.7	190.309
1260	0.7	182.306
1270	0.7	174.345
1280	0.7	166.434
1290	0.7	158.584
1300	0.7	150.81
1310	0.7	143.125
1320	0.7	135.544
1330	0.7	128.083
1340	0.7	120.756
1350	0.7	113.576
1360	0.7	106.559
1370	0.7	99.7185
1380	0.7	93.0686
1390	0.7	86.6259
1400	0.7	80.4069
1410	0.7	74.4271
1420	0.7	68.699
1430	0.7	63.2311
1440	0.7	58.0276
1450	0.7	53.089
1460	0.7	48.4136
1470	0.7	43.9985
1480	0.7	39.8401
1490	0.7	35.9341
1500	0.7	32.2757
1510	0.7	28.8592
1520	0.7	25.678
1530	0.7	22.7249
1540	0.7	19.9911
1550	0.7	17.4661
1560	0.7	15.1374
1570	0.7	12.9901
1580	0.7	11.0086
1590	0.7	9.17798
1600	0.7	7.48653
1610	0.7	5.92745
1620	0.7	4.49948
1630	0.7	3.20614
1640	0.7	2.05368
1650	0.7	1.04831
1660	0.7	0.193825
1670	0.7	-0.510021
1680	0.7	-1.06781
1690	0.7	-1.48776
1700	0.7	-1.78044
1710	0.7	-1.95752
1720	0.7	-2.03102
1730	0.7	-2.01317
1740	0.7	-1.91672
1750	0.7	-1.7553
1760	0.7	-1.54357
1770	0.7	-1.29689
1780	0.7	-1.03041
1790	0.7	-0.758091
1800	0.7	-0.491603
1810	0.7	-0.239724
1820	0.7	-0.00817362
1830	0.7	0.200023
1840	0.7	0.383838
1850	0.7	0.54342
1860	0.7	0.679378
1870	0.7	0.792302
1880	0.7	0.88257
1890	0.7	0.950377
1900	0.7	0.995901
1910	0.7	1.01949
1920	0.7	1.02181
1930	0.7	1.00388
1940	0.7	0.967129
1950	0.7	0.913287
1960	0.7	0.844397
1970	0.7	0.762751
1980	0.7	0.67086
1990	0.7	0.571403

1000	0.75	411.039
1010	0.75	401.376
1020	0.75	391.823
1030	0.75	382.385
1040	0.75	373.063
1050	0.75	363.858
1060	0.75	354.768
1070	0.75	345.787
1080	0.75	336.904
1090	0.75	328.106
1100	0.75	319.38
1110	0.75	310.717
1120	0.75	302.107
1130	0.75	293.542
1140	0.75	285.012
1150	0.75	276.505
1160	0.75	268.014
1170	0.75	259.531
1180	0.75	251.053
1190	0.75	242.582
1200	0.75	234.118
1210	0.75	225.668
1220	0.75	217.236
1230	0.75	208.83
1240	0.75	200.457
1250	0.75	192.126
1260	0.75	183.851
1270	0.75	175.644
1280	0.75	167.524
1290	0.75	159.507
1300	0.75	151.61
1310	0.75	143.849
1320	0.75	136.235
1330	0.75	128.783
1340	0.75	121.506
1350	0.75	114.419
1360	0.75	107.536
1370	0.75	100.869
1380	0.75	94.4304
1390	0.75	88.227
1400	0.75	82.2641
1410	0.75	76.5452
1420	0.75	71.0721
1430	0.75	65.8458
1440	0.75	60.8663
1450	0.75	56.1324
1460	0.75	51.6422
1470	0.75	47.3922
1480	0.75	43.3775
1490	0.75	39.591
1500	0.75	36.0237
1510	0.75	32.665
1520	0.75	29.5036
1530	0.75	26.5283
1540	0.75	23.7295
1550	0.75	21.0995
1560	0.75	18.6318
1570	0.75	16.3205
1580	0.75	14.1587
1590	0.75	12.1388
1600	0.75	10.2518
1610	0.75	8.48947
1620	0.75	6.84516
1630	0.75	5.31581
1640	0.75	3.90244
1650	0.75	2.60969
1660	0.75	1.44449
1670	0.75	0.414039
1680	0.75	-0.476032
1690	0.75	-1.22311
1700	0.75	-1.82819
1710	0.75	-2.29582
1720	0.75	-2.63349
1730	0.75	-2.85099
1740	0.75	-2.95978
1750	0.75	-2.97256
1760	0.75	-2.90292
1770	0.75	-2.76503
1780	0.75	-2.57314
1790	0.75	-2.34095
1800	0.75	-2.08091
1810	0.75	-1.80369
1820	0.75	-1.51776
1830	0.75	-1.22951
1840	0.75	-0.943516
1850	0.75	-0.663171
1860	0.75	-0.391261
1870	0.75	-0.130462
1880	0.75	0.116408
1890	0.75	0.346409
1900	0.75	0.556696
1910	0.75	0.744835
1920	0.75	0.909091
1930	0.75	1.0486
1940	0.75	1.16336
1950	0.75	1.25411
1960	0.75	1.32208
1970	0.75	1.36878
1980	0.75	1.39571
1990	0.75	1.4043

