Strike 	 TTM 	 Vol
1000	0.1	0.859818

1000	0.11	0.984422

1000	0.12	1.29548

1000	0.13	2.11279

1000	0.14	4.39753

1000	0.15	2.82447

1000	0.16	1.54104

1000	0.17	1.06219

1000	0.18	0.824771

1000	0.19	0.684433

1000	0.2	0.591562

1000	0.21	0.524956

1000	0.22	0.474135

1000	0.23	0.433358

1000	0.24	0.399145

1000	0.25	0.369218

1000	0.26	0.341931

1000	0.27	0.315874

1000	0.28	0.289576

1000	0.29	0.260973

1000	0.3	0.226057

1000	0.31	0.173213

1000	0.32	-nan

1000	0.33	-nan

1000	0.34	0.705477

1000	0.35	0.355428

1000	0.36	0.271367

1000	0.37	0.208091

1000	0.38	0.119617

1000	0.39	-nan

1000	0.4	-nan

1000	0.41	0.864666

1000	0.42	0.393486

1000	0.43	0.295591

1000	0.44	0.231138

1000	0.45	0.160847

1000	0.46	-nan

1000	0.47	-nan

1000	0.48	-nan

1000	0.49	0.631575

1000	0.5	0.377764

1000	0.51	0.292413

1000	0.52	0.232454

1000	0.53	0.168884

1000	0.54	0.0954215

1000	0.55	-nan

1000	0.56	-nan

1000	0.57	2.11707

1000	0.58	0.435622

1000	0.59	0.361791

1000	0.6	0.33552

1000	0.61	0.324621

1000	0.62	0.323261

1000	0.63	0.338046

1000	0.64	0.312525

1000	0.65	0.370337

1000	0.66	0.481512

1000	0.67	0.736926

1000	0.68	-nan

1000	0.69	-nan

1000	0.7	-nan

1000	0.71	0.0713104

1000	0.72	0.209113

1000	0.73	0.280606

